function [y,b,a,b2] = CWeightFil(x,sr,isA)
% [y,b,a,b2] = CWeightFil(x,sr)
%   Implement A- and C-weighting of a signal
%   using the combined IIR and FIR filter approach from 
%   Hans-Guenther Hirsch's FANT program.
% 2012-09-04 Dan Ellis dpwe@ee.columbia.edu

% After AWeightFil() from fant/filter_add_noise.c ...

% coefficients of HP IIR filter for 8 kHz 
b1_8 = [ 0.97803047920655972192, -1.95606095841311944383,  0.97803047920655972192];
a1_8 = [ 1.00000000000000000000, -1.95557824031503546536,  0.95654367651120331129];
% coefficients of HP IIR filter for 16 kHz
b1_16 = [ 0.98211268665798745481, -1.96422537331597490962,  0.98211268665798745481];
a1_16 = [ 1.00000000000000000000, -1.96390539174032729974,  0.96454535489162229744];
% coefficients of FIR filter for 8 kHz
b_8 = [  ...
	-0.00000048447483696946, -0.00000022512318749614, -0.00000026294025838101, ...
	 0.00000001064770950293,  0.00000003833470677151,  0.00000051126078952589, ...
	 0.00000069953309206104,  0.00000098541838241537,  0.00000081475746826278, ...
	 0.00000071268849316663,  0.00000047296424495409,  0.00000045167560549269, ...
	 0.00000025625324551665,  0.00000029659517075128,  0.00000012973089907994, ...
	 0.00000021259865101836,  0.00000006731555126460,  0.00000020685105369918, ...
	 0.00000011425817192679,  0.00000041296073931891,  0.00000044791493633252, ...
	 0.00000070403634084571,  0.00000055460203484093,  0.00000059180030971632, ...
	 0.00000037291369217390,  0.00000043930757040800,  0.00000022350428357547, ...
	 0.00000032417428619399,  0.00000010931231083113,  0.00000023960656238246, ...
	 0.00000002518603320581,  0.00000020360644134332,  0.00000002294875525823, ...
	 0.00000036684242335179,  0.00000032206388036039,  0.00000067239882378009, ...
	 0.00000047076577332115,  0.00000062355204864449,  0.00000033329059818567, ...
	 0.00000049980041816919,  0.00000019054258683724,  0.00000038619575844507, ...
	 0.00000005987624410169,  0.00000028352923650070, -0.00000006065134972245, ...
	 0.00000021066197086678, -0.00000011559068267007,  0.00000035187682882953, ...
	 0.00000018911184032816,  0.00000071185755567156,  0.00000039628928325198, ...
	 0.00000071727603322036,  0.00000028502865756631,  0.00000061047935453455, ...
	 0.00000013533215782697,  0.00000048963932090098, -0.00000002412770048109, ...
	 0.00000035905116933378, -0.00000019714163211650,  0.00000023343303301514, ...
	-0.00000032883174661595,  0.00000034112098540144, -0.00000002013183789564, ...
	 0.00000076876433367610,  0.00000025451747786098,  0.00000083392066985720, ...
	 0.00000016702345929555,  0.00000074451146044984,  0.00000000368726942094, ...
	 0.00000061262145802736, -0.00000019658915230727,  0.00000044360091722352, ...
	-0.00000044388652434922,  0.00000024103770006125, -0.00000069300296642645, ...
	 0.00000028299231855406, -0.00000040858734051716,  0.00000077228655642159, ...
	-0.00000007206267809928,  0.00000089818974605587, -0.00000014399904288098, ...
	 0.00000082277817797847, -0.00000033588376942978,  0.00000066948742873521, ...
	-0.00000060057886334042,  0.00000044146432002551, -0.00000096039560383583, ...
	 0.00000012053414322732, -0.00000139567180432868,  0.00000003499817058916, ...
	-0.00000120127431401377,  0.00000054929811663290, -0.00000084136392860322, ...
	 0.00000071187362632263, -0.00000093656445044485,  0.00000062086550172766, ...
	-0.00000120620094216959,  0.00000040541476845153, -0.00000159893445870286, ...
	 0.00000006116939341500, -0.00000215817883874979, -0.00000046805016014766, ...
	-0.00000291567502959354, -0.00000081034476310266, -0.00000295972826281522, ...
	-0.00000038208445373341, -0.00000270158074324256, -0.00000028610530331721, ...
	-0.00000295437553011978, -0.00000051213557187288, -0.00000346084232168490, ...
	-0.00000093544688046448, -0.00000417377051206647, -0.00000157785035711933, ...
	-0.00000517283917494427, -0.00000256013415986944, -0.00000658452041834079, ...
	-0.00000348617114338415, -0.00000725051504153352, -0.00000348145442182330, ...
	-0.00000748452095899366, -0.00000381670662519333, -0.00000833912676894361, ...
	-0.00000460581537897684, -0.00000960803218461066, -0.00000575052259069264, ...
	-0.00001126971690354723, -0.00000731471724310772, -0.00001347382962085700, ...
	-0.00000953631917028709, -0.00001652423778949483, -0.00001204562230261030, ...
	-0.00001898108292544097, -0.00001359523368806706, -0.00002102023713909460, ...
	-0.00001567362600146969, -0.00002402916745522739, -0.00001859827094821024, ...
	-0.00002792481555180809, -0.00002236632163891675, -0.00003278682614223167, ...
	-0.00002716785941170217, -0.00003894078939793811, -0.00003350000474485616, ...
	-0.00004707261529101495, -0.00004117953534261129, -0.00005549229201502203, ...
	-0.00004854831975713259, -0.00006428602304202158, -0.00005751749178242488, ...
	-0.00007547082178730966, -0.00006888306835026006, -0.00008937608730225377, ...
	-0.00008304065366192661, -0.00010653315756608934, -0.00010069556565277376, ...
	-0.00012791706451173652, -0.00012317597326295306, -0.00015534957920904628, ...
	-0.00015119559113842406, -0.00018743511243768355, -0.00018315735451190256, ...
	-0.00022492450567979631, -0.00022252894483161461, -0.00027191753804259159, ...
	-0.00027210151946550513, -0.00033091855632192026, -0.00033462449100590694, ...
	-0.00040528057920629279, -0.00041401099044859757, -0.00049996344641314633, ...
	-0.00051634251110413301, -0.00062296124512021081, -0.00064870975228481043, ...
	-0.00077929439175705522, -0.00081642092721146428, -0.00097961081175696862, ...
	-0.00103615592056275404, -0.00124532298732607061, -0.00133067510583451858, ...
	-0.00160455574020486129, -0.00173377904846212577, -0.00210208956880716599, ...
	-0.00230122036337402887, -0.00281419951501742224, -0.00313155247940679650, ...
	-0.00388062211113633822, -0.00440501290142665362, -0.00555548659253778630, ...
	-0.00647018812272768650, -0.00837591414127070166, -0.01010231987300322896, ...
	-0.01356061827384147031, -0.01708437456947442534, -0.02402258013383605159, ...
	-0.03176179634779018046, -0.04725099052436917274, -0.06500419192239298427, ...
	-0.10495713406978124382, -0.13001585049351535583,  1.00202934757439754421, ...
	-0.13001585049351260803, -0.10495713406978261772, -0.06500419192239276223, ...
	-0.04725099052436897151, -0.03176179634779023597, -0.02402258013383685303, ...
	-0.01708437456947343655, -0.01356061827384207226, -0.01010231987300251599, ...
	-0.00837591414127101912, -0.00647018812272795105, -0.00555548659253785135, ...
	-0.00440501290142657816, -0.00388062211113645011, -0.00313155247940646083, ...
	-0.00281419951501782339, -0.00230122036337384803, -0.00210208956880718334, ...
	-0.00173377904846190763, -0.00160455574020492830, -0.00133067510583440777, ...
	-0.00124532298732645832, -0.00103615592056261765, -0.00097961081175704668, ...
	-0.00081642092721146472, -0.00077929439175693650, -0.00064870975228487461, ...
	-0.00062296124512023910, -0.00051634251110382412, -0.00049996344641339472, ...
	-0.00041401099044828212, -0.00040528057920655793, -0.00033462449100599172, ...
	-0.00033091855632189261, -0.00027210151946566391, -0.00027191753804250599, ...
	-0.00022252894483150621, -0.00022492450567991013, -0.00018315735451169751, ...
	-0.00018743511243781582, -0.00015119559113829513, -0.00015534957920906756, ...
	-0.00012317597326292961, -0.00012791706451191086, -0.00010069556565275803, ...
	-0.00010653315756613178, -0.00008304065366182717, -0.00008937608730207478, ...
	-0.00006888306835033379, -0.00007547082178731399, -0.00005751749178236594, ...
	-0.00006428602304224104, -0.00004854831975686155, -0.00005549229201534046, ...
	-0.00004117953534267964, -0.00004707261529099294, -0.00003350000474499829, ...
	-0.00003894078939759813, -0.00002716785941168689, -0.00003278682614236486, ...
	-0.00002236632163880632, -0.00002792481555207722, -0.00001859827094805007, ...
	-0.00002402916745519642, -0.00001567362600153142, -0.00002102023713907599, ...
	-0.00001359523368790508, -0.00001898108292530993, -0.00001204562230221977, ...
